   952.27     297.81      15.60
      0.0000       297.8107       15.59933     -2.3660126E+00 -2.7214050E-01
    150.0000       297.8437       15.79815     -2.7482348E+00 -5.2713235E-01
    300.0000       298.3885       15.62723     -4.0811058E+00 -1.2593671E+00
    450.0000       298.9763       15.31585     -5.6817890E+00 -2.3211207E+00
    600.0000       299.8701       14.99019     -5.9398126E+00 -2.9533188E+00
    750.0000       300.7361       14.55296     -6.0320820E+00 -3.5462747E+00
    900.0000       301.5308       13.93338     -5.9625656E+00 -4.1101498E+00
   1050.0000       302.3113       13.14667     -5.7644937E+00 -4.0330060E+00
   1200.0000       303.0824       12.32217     -5.4881040E+00 -3.7476623E+00
   1350.0000       303.8139       11.60662     -4.9052511E+00 -3.3787744E+00
   1500.0000       304.5021       10.95915     -4.3587963E+00 -3.0663796E+00
   1650.0000       305.1302       10.40617     -3.8628591E+00 -2.8323924E+00
   1800.0000       305.6648        9.84398     -3.4974452E+00 -2.8537474E+00
   1950.0000       306.1559        9.27752     -3.1926219E+00 -2.9936356E+00
   2100.0000       306.6124        8.85978     -3.0091827E+00 -3.3528252E+00
   2250.0000       307.0674        8.46481     -2.8266493E+00 -3.7307926E+00
   2400.0000       307.5487        8.15051     -2.5024815E+00 -4.0540888E+00
   2550.0000       308.0300        7.83620     -2.1783138E+00 -4.3773851E+00
   2700.0000       308.5114        7.52190     -1.8541460E+00 -4.7006813E+00
   2850.0000       308.9727        7.21916     -1.4269308E+00 -5.0992360E+00
   3000.0000       309.3826        6.94626     -7.3398306E-01 -5.6918628E+00
   3150.0000       309.7924        6.67337     -4.1035345E-02 -6.2844896E+00
   3300.0000       310.2022        6.40047      6.5191237E-01 -6.8771165E+00
   3450.0000       310.7178        6.13816      1.4474087E+00 -7.5892098E+00
   3600.0000       311.5335        5.90592      2.5337956E+00 -8.6401831E+00
   3750.0000       312.3492        5.67368      3.6201825E+00 -9.6911565E+00
   3900.0000       313.1649        5.44145      4.7065694E+00 -1.0742130E+01
   4050.0000       313.9806        5.20921      5.7929563E+00 -1.1793103E+01
   4200.0000       315.1458        5.14127      6.8522290E+00 -1.2320155E+01
   4350.0000       316.3163        5.07576      7.9111030E+00 -1.2839503E+01
   4500.0000       317.4867        5.01024      8.9699770E+00 -1.3358850E+01
   4650.0000       318.6571        4.94472      1.0028851E+01 -1.3878198E+01
   4800.0000       319.7861        4.86452      1.0943779E+01 -1.4010945E+01
   4950.0000       320.8488        4.76078      1.1627988E+01 -1.3524038E+01
   5100.0000       321.9115        4.65703      1.2312196E+01 -1.3037131E+01
   5250.0000       322.9742        4.55329      1.2996405E+01 -1.2550224E+01
   5400.0000       324.0369        4.44955      1.3680614E+01 -1.2063317E+01
   5550.0000       325.0030        4.28346      1.4346951E+01 -1.1406746E+01
   5700.0000       325.8169        4.01918      1.4985141E+01 -1.0482962E+01
   5850.0000       326.6308        3.75490      1.5623331E+01 -9.5591783E+00
   6000.0000       327.4448        3.49062      1.6261522E+01 -8.6353943E+00
   6150.0000       328.2587        3.22634      1.6899712E+01 -7.7116103E+00
   6300.0000       329.0727        2.96207      1.7537902E+01 -6.7878264E+00
   6450.0000       329.7180        2.66095      1.7713047E+01 -5.7921269E+00
   6600.0000       330.3533        2.35766      1.7860812E+01 -4.7921751E+00
   6750.0000       330.9887        2.05437      1.8008577E+01 -3.7922233E+00
   6900.0000       331.6240        1.75108      1.8156342E+01 -2.7922714E+00
   7050.0000       332.2593        1.44778      1.8304106E+01 -1.7923196E+00
   7200.0000       332.8947        1.14449      1.8451871E+01 -7.9236775E-01
   7350.0000       333.4736        1.14964      1.8865549E+01 -1.4386781E+00
   7500.0000       334.0515        1.15988      1.9283614E+01 -2.1121485E+00
   7650.0000       334.6294        1.17012      1.9701679E+01 -2.7856189E+00
   7800.0000       335.2074        1.18035      2.0119744E+01 -3.4590893E+00
   7950.0000       335.7853        1.19059      2.0537808E+01 -4.1325597E+00
   8100.0000       336.3632        1.20083      2.0955873E+01 -4.8060301E+00
   8250.0000       336.9555        1.17878      2.1465876E+01 -5.3156994E+00
   8400.0000       337.5703        1.10635      2.2119347E+01 -5.5697589E+00
   8550.0000       338.1850        1.03393      2.2772819E+01 -5.8238184E+00
   8700.0000       338.7998        0.96150      2.3426290E+01 -6.0778779E+00
   8850.0000       339.4145        0.88907      2.4079761E+01 -6.3319374E+00
   9000.0000       340.0293        0.81665      2.4733232E+01 -6.5859968E+00
   9150.0000       340.6440        0.74422      2.5386704E+01 -6.8400563E+00
   9300.0000       341.2588        0.67180      2.6040175E+01 -7.0941158E+00
   9450.0000       341.6016        0.61789      2.6236096E+01 -6.8009512E+00
   9600.0000       341.9437        0.56404      2.6430666E+01 -6.5061706E+00
   9750.0000       342.2857        0.51018      2.6625236E+01 -6.2113899E+00
   9900.0000       342.6278        0.45633      2.6819806E+01 -5.9166093E+00
  10050.0000       342.9698        0.40248      2.7014376E+01 -5.6218286E+00
  10200.0000       343.3118        0.34863      2.7208946E+01 -5.3270480E+00
  10350.0000       343.6539        0.29477      2.7403516E+01 -5.0322673E+00
  10500.0000       343.9959        0.24092      2.7598086E+01 -4.7374867E+00
  10650.0000       344.2915        0.20749      2.7621148E+01 -4.9524272E+00
  10800.0000       344.5522        0.18937      2.7515539E+01 -5.5497769E+00
  10950.0000       344.8129        0.17126      2.7409930E+01 -6.1471266E+00
  11100.0000       345.0736        0.15314      2.7304321E+01 -6.7444763E+00
  11250.0000       345.3343        0.13502      2.7198712E+01 -7.3418260E+00
  11400.0000       345.6836        0.11872      2.7405755E+01 -7.8464886E+00
  11550.0000       346.0457        0.10267      2.7658032E+01 -8.3377411E+00
  11700.0000       346.4078        0.08663      2.7910310E+01 -8.8289935E+00
  11850.0000       346.7699        0.07059      2.8162588E+01 -9.3202460E+00
  12000.0000       347.1320        0.05454      2.8414865E+01 -9.8114985E+00
  12150.0000       347.6811        0.04655      2.8542127E+01 -9.6083303E+00
  12300.0000       348.2866        0.04099      2.8631654E+01 -9.1955551E+00
  12450.0000       348.8921        0.03543      2.8721180E+01 -8.7827800E+00
  12600.0000       349.4977        0.02987      2.8810707E+01 -8.3700049E+00
  12750.0000       350.1032        0.02430      2.8900233E+01 -7.9572297E+00
  12900.0000       350.7347        0.01928      2.8934064E+01 -7.5373102E+00
  13050.0000       351.5291        0.01761      2.8618096E+01 -7.0725204E+00
  13200.0000       352.3235        0.01595      2.8302128E+01 -6.6077306E+00
  13350.0000       353.1179        0.01429      2.7986160E+01 -6.1429408E+00
  13500.0000       353.9123        0.01263      2.7670193E+01 -5.6781510E+00
  13650.0000       354.7067        0.01096      2.7354225E+01 -5.2133612E+00
  13800.0000       355.5011        0.00930      2.7038257E+01 -4.7485714E+00
  13950.0000       357.0802        0.00855      2.6013786E+01 -4.3748065E+00
  14100.0000       358.8226        0.00800      2.4841861E+01 -4.0199857E+00
  14250.0000       360.5650        0.00744      2.3669936E+01 -3.6651650E+00
  14400.0000       362.3074        0.00689      2.2498011E+01 -3.3103443E+00
  14550.0000       364.0497        0.00634      2.1326086E+01 -2.9555235E+00
  14700.0000       365.7921        0.00578      2.0154161E+01 -2.6007028E+00
  14850.0000       367.5345        0.00523      1.8982236E+01 -2.2458820E+00
  15000.0000       369.4717        0.00486      1.8166435E+01 -2.0468210E+00
  15150.0000       371.5650        0.00465      1.7636088E+01 -1.9726115E+00
  15300.0000       373.6583        0.00444      1.7105742E+01 -1.8984020E+00
  15450.0000       375.7516        0.00423      1.6575396E+01 -1.8241925E+00
  15600.0000       377.8449        0.00402      1.6045049E+01 -1.7499829E+00
  15750.0000       379.9382        0.00381      1.5514703E+01 -1.6757734E+00
  15900.0000       382.0314        0.00359      1.4984357E+01 -1.6015639E+00
  16050.0000       384.1247        0.00338      1.4454011E+01 -1.5273544E+00
  16200.0000       386.2180        0.00317      1.3923664E+01 -1.4531449E+00
  16350.0000       389.3177        0.00312      1.3235795E+01 -1.5313385E+00
  16500.0000       392.6835        0.00311      1.2506260E+01 -1.6498433E+00
  16650.0000       396.0493        0.00310      1.1776726E+01 -1.7683480E+00
  16800.0000       399.4151        0.00309      1.1047191E+01 -1.8868528E+00
  16950.0000       402.7809        0.00308      1.0317657E+01 -2.0053575E+00
  17100.0000       406.1467        0.00307      9.5881219E+00 -2.1238623E+00
  17250.0000       409.5125        0.00306      8.8585873E+00 -2.2423670E+00
  17400.0000       412.8784        0.00305      8.1290527E+00 -2.3608717E+00
  17550.0000       416.2442        0.00304      7.3995181E+00 -2.4793765E+00
  17700.0000       419.6100        0.00303      6.6699835E+00 -2.5978812E+00
  17850.0000       422.9758        0.00302      5.9404489E+00 -2.7163860E+00
  18000.0000       426.3416        0.00301      5.2109143E+00 -2.8348907E+00
  18150.0000       429.7074        0.00300      4.4813797E+00 -2.9533955E+00
  18300.0000       433.0732        0.00299      3.7518451E+00 -3.0719002E+00
  18450.0000       436.8092        0.00298      2.9250187E+00 -2.9082402E+00
  18600.0000       440.6675        0.00297      2.0660425E+00 -2.6513395E+00
  18750.0000       444.5259        0.00295      1.2070663E+00 -2.3944388E+00
  18900.0000       448.3842        0.00294      3.4809011E-01 -2.1375381E+00
  19050.0000       452.2425        0.00293     -5.1088610E-01 -1.8806374E+00
  19200.0000       456.1008        0.00292     -1.3698623E+00 -1.6237367E+00
  19350.0000       459.9591        0.00291     -2.2288385E+00 -1.3668360E+00
  19500.0000       463.8174        0.00290     -3.0878147E+00 -1.1099353E+00
  19650.0000       467.6757        0.00289     -3.9467909E+00 -8.5303457E-01
  19800.0000       471.5341        0.00288     -4.8057672E+00 -5.9613386E-01
  19950.0000       475.3924        0.00287     -5.6647434E+00 -3.3923316E-01
